1 400
2 399
3 398
4 397
5 396
6 396
7 397
8 397
9 396
10 396
11 395
12 394
13 393
14 393
15 392
16 391
17 390
18 391
19 390
20 389
21 390
22 391
23 390
24 389
25 388
26 387
27 387
28 386
29 385
30 386
31 385
32 386
33 385
34 384
35 383
36 383
37 382
38 381
39 381
40 382
41 381
42 380
43 380
44 381
45 380
46 381
47 380
48 381
49 382
50 382
51 381
52 380
53 380
54 379
55 379
56 380
57 380
58 379
59 378
60 377
61 377
62 377
63 376
64 375
65 374
66 375
67 374
68 374
69 373
70 372
71 373
72 374
73 374
74 374
75 373
76 372
77 372
78 372
79 371
80 371
81 370
82 369
83 370
84 369
85 370
86 370
87 370
88 370
89 369
90 368
91 367
92 366
93 367
94 366
95 366
96 365
97 365
98 364
99 363
100 362
101 362
102 361
103 360
104 359
105 358
106 358
107 358
108 359
109 358
110 359
111 360
112 359
113 359
114 360
115 360
116 360
117 361
118 360
119 360
120 359
121 359
122 358
123 359
124 360
125 360
126 361
127 361
128 360
129 359
130 358
131 359
132 358
133 358
134 357
135 357
136 358
137 357
138 357
139 356
140 355
141 355
142 354
143 353
144 353
145 352
146 351
147 351
148 350
149 351
150 351
151 352
152 353
153 354
154 355
155 356
156 357
157 356
158 356
159 356
160 356
161 357
162 357
163 358
164 358
165 357
166 358
167 358
168 359
169 359
170 360
171 359
172 359
173 358
174 358
175 357
176 357
177 356
178 355
179 356
180 355
181 356
182 355
183 354
184 353
185 352
186 351
187 350
188 349
189 348
190 349
191 348
192 347
193 347
194 346
195 345
196 344
197 343
198 342
199 341
200 340
201 339
202 338
203 337
204 338
205 337
206 337
207 337
208 336
209 335
210 335
211 335
212 334
213 333
214 332
215 331
216 330
217 330
218 330
219 331
220 330
221 331
222 330
223 330
224 330
225 331
226 330
227 329
228 328
229 328
230 327
231 327
232 326
233 325
234 324
235 323
236 323
237 324
238 325
239 324
240 323
241 324
242 323
243 323
244 322
245 321
246 320
247 320
248 319
249 318
250 319
251 319
252 318
253 317
254 316
255 315
256 314
257 314
258 313
259 314
260 314
261 315
262 316
263 317
264 316
265 315
266 314
267 313
268 312
269 311
270 310
271 310
272 309
273 309
274 308
275 308
276 307
277 307
278 307
279 308
280 307
281 307
282 307
283 307
284 306
285 305
286 306
287 307
288 306
289 305
290 304
291 303
292 303
293 302
294 301
295 300
296 299
297 299
298 298
299 299
300 298
301 299
302 299
303 300
304 301
305 300
306 300
307 300
308 299
309 299
310 299
311 298
312 298
313 298
314 297
315 296
316 295
317 294
318 293
319 293
320 292
321 291
322 292
323 293
324 293
325 292
326 291
327 290
328 289
329 289
330 288
331 287
332 288
333 287
334 286
335 285
336 285
337 284
338 285
339 286
340 285
341 285
342 285
343 286
344 285
345 284
346 283
347 283
348 283
349 283
350 283
351 282
352 281
353 281
354 280
355 281
356 280
357 280
358 279
359 279
360 279
361 280
362 279
363 280
364 279
365 279
366 278
367 277
368 276
369 275
370 274
371 275
372 276
373 277
374 278
375 278
376 277
377 276
378 276
379 275
380 274
381 273
382 272
383 271
384 270
385 271
386 270
387 271
388 272
389 273
390 273
391 273
392 272
393 273
394 273
395 273
396 274
397 273
398 272
399 271
400 270
401 269
402 268
403 268
404 268
405 268
406 267
407 268
408 267
409 266
410 265
411 265
412 265
413 264
414 263
415 262
416 261
417 261
418 260
419 259
420 259
421 258
422 257
423 256
424 255
425 254
426 255
427 254
428 253
429 252
430 252
431 253
432 253
433 252
434 252
435 252
436 251
437 250
438 250
439 249
440 249
441 248
442 247
443 247
444 247
445 246
446 245
447 246
448 245
449 245
450 244
451 243
452 244
453 244
454 244
455 243
456 242
457 242
458 242
459 242
460 241
461 240
462 240
463 239
464 240
465 240
466 241
467 240
468 241
469 241
470 242
471 242
472 241
473 240
474 239
475 238
476 237
477 237
478 236
479 236
480 236
481 236
482 235
483 235
484 235
485 236
486 237
487 238
488 238
489 238
490 238
491 237
492 236
493 236
494 235
495 235
496 234
497 233
498 232
499 232
500 231
501 230
502 229
503 230
504 230
505 229
506 228
507 227
508 226
509 225
510 225
511 226
512 225
513 224
514 224
515 223
516 222
517 223
518 222
519 221
520 222
521 223
522 222
523 221
524 221
525 222
526 221
527 220
528 220
529 219
530 218
531 217
532 217
533 217
534 216
535 216
536 215
537 215
538 214
539 213
540 212
541 211
542 211
543 211
544 210
545 209
546 208
547 208
548 208
549 207
550 208
551 208
552 207
553 206
554 205
555 204
556 204
557 203
558 204
559 203
560 202
561 201
562 202
563 201
564 202
565 201
566 200
567 199
568 198
569 197
570 198
571 198
572 197
573 197
574 197
575 198
576 197
577 198
578 198
579 197
580 196
581 196
582 196
583 195
584 194
585 193
586 193
587 194
588 195
589 195
590 195
591 194
592 195
593 195
594 194
595 193
596 192
597 192
598 192
599 192
600 191
601 191
602 190
603 190
604 189
605 188
606 188
607 189
608 188
609 188
610 187
611 188
612 187
613 186
614 185
615 186
616 185
617 186
618 185
619 185
620 186
621 187
622 188
623 189
624 189
625 188
626 187
627 188
628 187
629 188
630 188
631 187
632 187
633 186
634 185
635 184
636 185
637 184
638 183
639 182
640 183
641 183
642 182
643 182
644 181
645 181
646 181
647 181
648 182
649 183
650 182
651 183
652 184
653 183
654 184
655 184
656 183
657 182
658 183
659 182
660 181
661 182
662 183
663 182
664 181
665 180
666 181
667 180
668 181
669 180
670 181
671 182
672 181
673 181
674 181
675 181
676 180
677 180
678 180
679 180
680 181
681 180
682 180
683 179
684 178
685 178
686 177
687 176
688 175
689 174
690 175
691 176
692 175
693 174
694 173
695 172
696 172
697 171
698 171
699 171
700 170
701 171
702 172
703 172
704 172
705 173
706 173
707 172
708 172
709 171
710 170
711 171
712 172
713 173
714 172
715 171
716 171
717 170
718 170
719 169
720 169
721 169
722 168
723 167
724 168
725 167
726 166
727 166
728 167
729 166
730 166
731 165
732 164
733 164
734 163
735 162
736 162
737 162
738 163
739 163
740 162
741 161
742 161
743 160
744 159
745 158
746 158
747 157
748 157
749 156
750 156
751 155
752 154
753 153
754 154
755 153
756 153
757 153
758 152
759 152
760 151
761 152
762 151
763 151
764 152
765 151
766 150
767 151
768 150
769 149
770 149
771 149
772 149
773 149
774 148
775 147
776 148
777 147
778 147
779 147
780 147
781 146
782 145
783 146
784 147
785 146
786 145
787 146
788 145
789 145
790 145
791 144
792 145
793 144
794 143
795 144
796 144
797 145
798 146
799 147
800 147
801 148
802 149
803 148
804 149
805 148
806 149
807 150
808 150
809 150
810 151
811 151
812 150
813 149
814 149
815 148
816 149
817 148
818 147
819 146
820 147
821 146
822 147
823 146
824 146
825 146
826 145
827 144
828 144
829 143
830 143
831 142
832 141
833 141
834 140
835 139
836 138
837 137
838 137
839 136
840 135
841 135
842 136
843 135
844 134
845 134
846 133
847 132
848 131
849 131
850 132
851 131
852 130
853 129
854 128
855 127
856 128
857 128
858 128
859 129
860 128
861 127
862 127
863 128
864 127
865 128
866 128
867 129
868 128
869 127
870 126
871 125
872 124
873 123
874 122
875 122
876 121
877 120
878 119
879 119
880 118
881 118
882 117
883 117
884 118
885 118
886 117
887 118
888 118
889 119
890 118
891 117
892 117
893 117
894 116
895 115
896 115
897 116
898 115
899 114
900 114
901 114
902 115
903 114
904 113
905 112
906 111
907 111
908 112
909 112
910 112
911 111
912 110
913 110
914 109
915 109
916 109
917 108
918 108
919 108
920 108
921 109
922 110
923 109
924 110
925 109
926 109
927 110
928 110
929 109
930 108
931 107
932 106
933 105
934 105
935 105
936 106
937 107
938 106
939 105
940 105
941 104
942 104
943 103
944 102
945 101
946 100
947 99
948 99
949 100
950 101
951 101
952 100
953 99
954 98
955 97
956 97
957 96
958 95
959 94
960 93
961 93
962 94
963 94
964 93
965 93
966 92
967 92
968 92
969 91
970 92
971 92
972 92
973 92
974 91
975 92
976 93
977 92
978 91
979 91
980 91
981 90
982 89
983 90
984 90
985 91
986 90
987 90
988 89
989 89
990 88
991 89
992 89
993 88
994 88
995 87
996 86
997 85
998 84
999 85
1000 85
1001 84
1002 85
