1 100
2 100
3 99
4 99
5 98
6 97
7 98
8 98
9 97
10 98
11 98
12 98
13 97
14 98
15 97
16 97
17 98
18 97
19 98
20 98
21 98
22 98
23 97
24 96
25 97
26 96
27 96
28 97
29 98
30 97
31 98
32 98
33 99
34 98
35 98
36 98
37 99
38 100
39 100
40 99
41 100
42 99
43 98
44 97
45 96
46 97
47 98
48 98
49 97
50 96
51 96
52 95
53 94
54 95
55 96
56 95
57 94
58 94
59 94
60 94
61 93
62 94
63 94
64 94
65 94
66 93
67 93
68 93
69 92
70 91
71 90
72 90
73 91
74 91
75 92
76 92
77 93
78 92
79 92
80 92
81 93
82 92
83 93
84 92
85 92
86 91
87 92
88 91
89 92
90 92
91 91
92 91
93 91
94 92
95 92
96 92
97 92
98 91
99 90
100 89
101 90
102 90
103 91
104 92
105 92
106 91
107 92
108 92
109 93
110 93
111 92
112 93
113 92
114 93
115 93
116 94
117 93
118 93
119 93
120 93
121 92
122 93
123 93
124 92
125 91
126 90
127 91
128 90
129 91
130 91
131 92
132 93
133 93
134 92
135 91
136 91
137 92
138 91
139 91
140 92
141 91
142 90
143 89
144 89
145 88
146 89
147 90
148 90
149 90
150 91
151 91
152 90
153 89
154 88
155 89
156 90
157 91
158 90
159 89
160 90
161 91
162 91
163 92
164 93
165 94
166 94
167 95
168 96
169 95
170 95
171 94
172 95
173 96
174 97
175 98
176 98
177 99
178 98
179 98
180 99
181 98
182 97
183 97
184 98
185 99
186 100
187 101
188 102
189 101
190 101
191 102
192 103
193 102
194 101
195 102
196 102
197 101
198 102
199 103
200 104
201 105
202 105
203 106
204 105
205 106
206 105
207 106
208 105
209 106
210 107
211 107
212 106
213 105
214 105
215 104
216 103
217 103
218 103
219 103
220 102
221 101
222 101
223 100
224 101
225 100
226 100
227 101
228 102
229 103
230 102
231 103
232 102
233 101
234 100
235 100
236 99
237 100
238 101
239 101
240 102
241 103
242 103
243 103
244 103
245 102
246 101
247 100
248 101
249 102
250 101
251 101
252 102
253 101
254 102
255 103
256 103
257 104
258 103
259 104
260 105
261 106
262 107
263 106
264 106
265 106
266 105
267 104
268 105
269 105
270 104
271 105
272 106
273 107
274 107
275 108
276 107
277 106
278 107
279 108
280 108
281 107
282 107
283 107
284 107
285 108
286 109
287 109
288 110
289 110
290 110
291 109
292 110
293 111
294 112
295 113
296 114
297 114
298 113
299 114
300 114
301 114
302 115
303 116
304 117
305 118
306 117
307 117
308 116
309 115
310 115
311 114
312 115
313 114
314 115
315 116
316 115
317 114
318 114
319 114
320 115
321 115
322 116
323 115
324 116
325 115
326 114
327 115
328 116
329 116
330 117
331 118
332 118
333 117
334 118
335 118
336 118
337 118
338 118
339 117
340 118
341 117
342 118
343 119
344 120
345 121
346 122
347 122
348 122
349 123
350 122
351 123
352 124
353 124
354 123
355 122
356 121
357 121
358 121
359 120
360 120
361 121
362 121
363 120
364 120
365 120
366 119
367 119
368 119
369 120
370 119
371 120
372 120
373 119
374 118
375 118
376 118
377 118
378 118
379 117
380 118
381 117
382 116
383 115
384 114
385 115
386 116
387 116
388 117
389 117
390 116
391 116
392 117
393 118
394 117
395 117
396 118
397 119
398 119
399 119
400 120
401 121
402 121
403 122
404 122
405 121
406 122
407 121
408 122
409 122
410 123
411 122
412 123
413 124
414 124
415 124
416 125
417 126
418 125
419 126
420 126
421 127
422 128
423 128
424 129
425 128
426 128
427 127
428 126
429 126
430 125
431 125
432 125
433 124
434 125
435 125
436 125
437 126
438 125
439 126
440 127
441 127
442 126
443 127
444 127
445 126
446 127
447 127
448 126
449 125
450 126
451 125
452 124
453 125
454 124
455 124
456 123
457 122
458 121
459 122
460 123
461 123
462 124
463 125
464 126
465 127
466 127
467 128
468 129
469 128
470 129
471 130
472 131
473 131
474 130
475 130
476 129
477 129
478 129
479 130
480 131
481 131
482 130
483 130
484 131
485 132
486 132
487 132
488 131
489 132
490 133
491 133
492 134
493 135
494 136
495 135
496 136
497 137
498 137
499 136
500 135
501 136
502 136
503 135
504 136
505 135
506 134
507 134
508 135
509 134
510 134
511 133
512 134
513 133
514 132
515 131
516 131
517 130
518 131
519 132
520 132
521 133
522 134
523 135
524 134
525 135
526 135
527 134
528 135
529 135
530 136
531 136
532 136
533 137
534 138
535 139
536 138
537 138
538 139
539 139
540 140
541 141
542 142
543 142
544 141
545 141
546 142
547 141
548 142
549 141
550 141
551 142
552 142
553 143
554 144
555 145
556 146
557 146
558 146
559 145
560 144
561 145
562 146
563 145
564 146
565 145
566 145
567 145
568 144
569 145
570 144
571 144
572 145
573 145
574 144
575 144
576 143
577 143
578 144
579 144
580 145
581 146
582 146
583 147
584 148
585 149
586 148
587 147
588 147
589 148
590 149
591 148
592 149
593 150
594 151
595 150
596 151
597 152
598 153
599 152
600 153
601 152
602 151
603 152
604 151
605 152
606 153
607 154
608 154
609 155
610 155
611 156
612 157
613 157
614 156
615 157
616 157
617 157
618 157
619 157
620 158
621 158
622 157
623 156
624 157
625 157
626 158
627 159
628 160
629 161
630 160
631 161
632 161
633 162
634 162
635 161
636 162
637 162
638 161
639 162
640 162
641 161
642 161
643 162
644 163
645 164
646 163
647 163
648 164
649 165
650 164
651 163
652 163
653 164
654 165
655 166
656 166
657 167
658 168
659 168
660 167
661 167
662 168
663 167
664 168
665 169
666 170
667 171
668 171
669 170
670 169
671 169
672 169
673 168
674 169
675 170
676 169
677 168
678 169
679 169
680 169
681 168
682 167
683 167
684 167
685 166
686 166
687 165
688 165
689 165
690 164
691 163
692 163
693 164
694 165
695 165
696 166
697 167
698 168
699 168
700 168
701 168
702 168
703 168
704 169
705 169
706 169
707 169
708 170
709 170
710 170
711 171
712 170
713 169
714 169
715 170
716 171
717 171
718 172
719 173
720 172
721 171
722 171
723 170
724 169
725 169
726 170
727 170
728 171
729 170
730 169
731 169
732 170
733 171
734 170
735 169
736 170
737 169
738 168
739 167
740 166
741 165
742 164
743 164
744 164
745 165
746 166
747 167
748 168
749 169
750 170
751 170
752 171
753 171
754 172
755 172
756 172
757 171
758 170
759 170
760 171
761 172
762 172
763 173
764 172
765 171
766 172
767 171
768 172
769 171
770 172
771 171
772 172
773 171
774 170
775 171
776 172
777 172
778 173
779 174
780 175
781 176
782 176
783 177
784 178
785 179
786 180
787 180
788 180
789 179
790 179
791 179
792 179
793 178
794 179
795 180
796 181
797 182
798 183
799 184
800 184
801 185
802 184
803 184
804 184
805 185
806 185
807 185
808 185
809 186
810 186
811 187
812 188
813 188
814 189
815 188
816 188
817 189
818 190
819 189
820 189
821 190
822 189
823 188
824 187
825 186
826 186
827 186
828 186
829 186
830 186
831 185
832 186
833 185
834 184
835 184
836 183
837 184
838 183
839 182
840 183
841 182
842 181
843 180
844 181
845 180
846 181
847 182
848 182
849 183
850 183
851 183
852 182
853 181
854 182
855 183
856 183
857 184
858 184
859 184
860 185
861 185
862 186
863 187
864 186
865 185
866 185
867 185
868 186
869 185
870 186
871 185
872 185
873 185
874 186
875 187
876 186
877 187
878 186
879 185
880 184
881 183
882 184
883 185
884 185
885 184
886 185
887 185
888 184
889 185
890 184
891 183
892 183
893 183
894 183
895 184
896 183
897 182
898 183
899 182
900 183
901 183
902 184
903 185
904 184
905 185
906 184
907 185
908 186
909 186
910 185
911 185
912 184
913 183
914 183
915 184
916 185
917 186
918 187
919 186
920 187
921 187
922 188
923 189
924 189
925 190
926 189
927 188
928 188
929 188
930 189
931 189
932 188
933 189
934 189
935 190
936 189
937 190
938 191
939 191
940 192
941 192
942 192
943 192
944 193
945 193
946 194
947 195
948 195
949 194
950 194
951 195
952 196
953 197
954 198
955 199
956 200
957 200
958 200
959 201
960 200
961 200
962 200
963 201
964 202
965 202
966 201
967 201
968 202
969 202
970 202
971 201
972 200
973 199
974 198
975 198
976 199
977 198
978 199
979 200
980 201
981 202
982 203
983 202
984 201
985 200
986 200
987 200
988 201
989 200
990 200
991 200
992 199
993 199
994 200
995 200
996 200
997 200
998 199
999 200
1000 200
1001 201
1002 201
